49
59
415
473
401
453
484
266
70
271
86
199
78
132
194
78
217
62
206
467
120
240
378
464
209
370
25
135
244
223
44
334
393
462
247
348
34
112
457
46
100
437
410
72
185
117
487
73
410
165
401
56
126
110
182
269
88
413
33
132
273
336
386
156
459
120
252
398
299
395
458
218
426
140
336
110
274
340
208
47
228
371
133
361
319
156
303
91
335
141
179
389
438
11
164
259
219
40
293
259
102
394
333
103
476
375
461
21
375
361
297
102
356
196
154
48
314
97
201
8
206
138
28
300
293
319
281
357
33
175
243
203
428
492
389
3
137
351
156
113
257
299
120
292
25
259
258
459
125
214
301
13
76
199
259
319
89
358
337
341
309
117
89
66
157
98
130
135
311
148
373
27
424
31
243
116
393
321
19
193
338
43
150
351
210
457
60
272
349
49
360
86
414
61
291
248
245
375
417
468
88
21
304
1
188
189
389
57
466
318
392
218
474
143
260
444
260
219
467
278
102
38
271
186
498
148
193
18
80
280
145
184
413
62
26
304
256
196
247
85
105
325
306
101
325
366
304
434
194
202
293
93
76
29
222
412
399
389
148
242
321
24
298
149
314
76
122
377
146
268
396
311
58
326
36
208
151
54
381
211
136
494
161
1
271
445
23
56
6
241
319
317
401
380
325
442
242
239
256
186
340
110
112
99
425
178
170
270
252
336
287
313
62
126
8
422
154
307
184
54
130
495
450
276
148
340
137
394
199
134
369
69
59
486
368
297
426
145
304
351
359
371
15
295
299
234
45
340
235
87
336
94
169
120
294
213
2
455
2
483
107
486
480
388
62
147
26
433
400
166
151
347
477
105
180
124
332
363
332
339
220
84
344
312
405
260
182
326
299
301
189
436
243
391
421
413
43
138
417
215
309
54
162
487
382
474
362
22
497
197
437
67
322
354
498
60
207
162
294
142
182
212
88
197
235
156
33
474
196
26
26
139
231
28
406
329
14
207
105
156
214
131
45
4
220
210
485
406
367
483
15
253
228
41
326
158
98
193
3
201
491
136
271
113
98
181
458
34
389
324
310
374
326
362
79
499
404
256
486
98
225
54
148
118
53
439
416
427
202
55
63
393
94
352
31
494
464
49
474
94
222
64
108
276
495
65
311
462
24
351
275
136
277
80
201
31
9
308
72
328
265
238
490
342
481
277
310
120
500
271
422
66
467
495
292
178
267
253
290
406
274
184
123
201
406
172
298
79
416
344
433
365
432
73
370
244
294
111
345
316
33
431
47
372
78
443
81
309
311
382
143
408
80
127
194
223
313
83
108
486
365
232
299
26
395
105
374
91
212
7
263
319
440
219
172
270
248
485
159
147
183
47
43
142
375
147
349
280
122
240
74
272
150
216
167
283
270
481
175
475
418
409
388
347
253
264
397
78
440
496
334
121
254
485
204
118
22
468
143
234
5
408
489
93
101
295
496
21
256
26
31
88
29
88
473
106
124
37
403
218
320
102
147
375
54
71
156
443
195
71
24
327
58
99
419
134
287
261
103
142
407
167
9
186
201
1
197
211
56
216
180
209
322
259
261
2
461
89
6
288
300
460
405
354
228
356
247
213
475
396
34
196
197
314
453
358
325
200
436
261
443
85
499
367
351
108
340
308
476
233
371
427
446
430
357
486
84
472
162
447
207
38
267
481
187
440
288
58
31
224
227
110
259
105
205
375
315
385
405
87
219
333
446
195
13
34
112
417
46
74
402
320
25
15
438
15
21
199
249
39
449
405
33
485
137
143
424
251
126
313
207
77
198
93
239
64
385
383
134
286
422
467
246
113
210
484
109
260
34
151
348
190
180
64
14
402
293
405
127
342
432
141
158
432
236
430
302
34
145
42
280
145
104
362
54
240
242
284
310
362
112
495
178
425
328
349
222
57
98
72
295
328
348
444
99
359
314
96
500
241
419
438
101
66
372
76
231
415
409
389
460
252
293
340
374
30
269
395
210
94
474
166
487
221
263
215
65
174
264
18
240
117
29
184
42
69
161
369
492
217
431
220
408
6
470
434
348
120
311
363
385
141
31
151
75
402
301
345
484
248
306
264
243
426
340
488
314
122
188
372
97
21
335
227
233
415
155
163
129
410
33
436
120
274
234
95
207
45
322
375
16
99
12
80
272
337
416
277
449
177
129
393
82
341
83
150
371
25
247
94
20
414
288
323
482
17
363
241
380
427
190
477
446
226
38
43
171
8
324
40
479
99
208
113
368
216
137
289
259
291
464
393
333
279
396
292
199
414
121
241
329
424
468
274
57
345
231
216
292
4
138
288
97
2
304
352
347
322
1
126
455
189
176
441
33
449
377
330
159
386
298
120
174
477
261
451
490
121
256
261
104
454
396
254
190
219
383
374
25
399
345
244
217
340
144
185
286
236
327
217
215
371
336
310
8
356
178
447
348
200
129
214
82
48
411
33
38
31
63
277
420
19
144
245
497
114
176
286
147
16
5
259
110
259
228
150
306
471
256
459
163
143
290
56
282
116
231
138
386
164
317
376
127
354
341
453
174
100
40
43
405
229
212
49
88
384
426
121
52
488
310
278
163
298
495
139
305
280
103
213
137
64
201
85
55
408
385
254
56
298
15
361
470
219
217
174
482
300
162
110
275
481
423
381
469
390
119
258
294
266
85
85
159
157
462
496
118
17
424
53
343
497
75
123
257
90
57
275
123
309
91
378
350
317
146
72
164
429
463
278
205
361
431
142
445
53
130
307
118
81
378
285
200
127
310
14
262
350
243
255
3
93
187
128
161
196
232
410
492
72
143
274
74
220
402
334
450
111
423
191
95
137
438
135
486
106
361
430
26
36
18
268
274
351
112
401
209
453
241
479
394
496
127
463
214
101
494
58
326
335
110
127
399
15
498
86
221
64
328
174
400
50
129
30
17
267
347
449
464
454
469
388
201
288
39
433
481
19
207
313
349
16
151
68
465
148
452
140
86
351
90
155
12
130
61
14
44
401
224
359
285
430
144
269
245
287
123
447
77
162
8
277
296
360
322
309
266
301
433
289
224
494
453
188
339
74
70
448
21
369
462
199
33
177
301
45
447
247
206
409
216
246
139
494
67
18
18
352
91
69
345
354
207
40
71
34
400
320
344
351
118
431
439
107
386
91
177
361
494
171
5
364
457
87
74
497
24
430
257
37
237
415
23
143
231
183
221
288
491
98
378
268
126
331
77
160
331
169
280
457
198
279
356
496
136
138
26
306
425
145
209
149
384
333
113
487
261
98
263
223
489
474
370
266
69
29
457
313
168
469
354
292
335
203
447
432
402
341
175
36
257
497
95
344
450
182
225
11
349
213
248
19
313
111
18
438
328
433
47
192
474
152
111
118
306
95
85
137
178
313
8
255
132
3
59
417
169
189
208
94
313
368
10
263
463
273
259
132
282
435
363
65
172
442
266
444
10
287
236
18
273
198
411
361
127
395
364
377
388
112
378
141
99
351
303
380
216
20
33
255
472
340
344
73
195
164
308
338
472
59
410
124
465
9
110
467
245
122
324
299
428
74
91
348
78
238
236
273
391
48
15
435
96
238
51
300
53
240
425
123
446
175
44
375
116
320
498
288
418
78
441
436
456
31
438
166
86
481
269
183
388
349
119
130
52
367
129
165
72
428
77
112
315
115
158
134
166
77
7
218
7
145
72
216
452
271
212
339
352
285
18
293
419
15
27
13
396
445
107
69
120
278
192
212
420
39
159
369
329
287
36
17
31
113
389
438
172
414
477
100
67
68
182
160
241
238
356
91
414
410
140
247
107
212
202
284
35
92
77
226
135
21
491
398
206
296
255
310
185
181
301
473
84
199
315
479
153
6
298
121
20
144
463
344
27
17
42
248
91
400
22
486
191
489
10
401
213
452
352
181
138
354
220
41
181
263
391
355
499
443
441
354
322
17
235
179
147
9
385
315
484
237
495
344
346
462
470
285
87
255
246
39
224
86
274
341
68
290
471
336
240
470
448
96
354
76
433
445
316
104
103
150
3
161
152
362
331
8
251
371
364
164
358
47
409
94
238
237
417
298
199
269
307
373
185
179
350
121
421
242
157
85
144
280
131
378
197
12
386
367
469
234
205
15
228
10
243
156
393
116
22
482
410
19
481
5
250
192
469
96
183
309
142
302
119
453
48
342
221
443
296
271
244
243
233
432
52
372
86
190
487
86
145
289
222
481
120
51
16
15
264
233
323
295
19
166
182
175
327
459
241
443
191
356
431
290
268
219
73
447
72
174
308
352
241
81
209
300
94
294
322
15
18
176
296
487
313
226
451
276
2
348
54
403
482
54
87
254
254
360
460
266
419
154
76
338
391
469
228
187
82
349
14
389
175
285
179
350
431
56
51
76
40
345
377
159
386
165
344
75
100
359
234
459
155
40
282
491
406
281
327
67
345
166
170
285
71
404
436
451
254
137
74
188
294
466
285
189
169
285
266
218
409
132
265
67
82
310
423
88
258
489
370
236
418
60
376
213
43
325
383
303
9
209
152
212
354
479
469
106
406
146
152
367
178
79
45
1
318
307
231
356
347
121
340
129
185
106
450
140
50
288
188
21
236
149
116
75
467
100
472
437
485
277
112
69
97
317
456
154
290
403
406
352
270
81
378
323
271
54
412
52
16
18
406
399
483
431
71
425
274
225
227
344
339
72
148
57
56
408
228
449
7
106
152
388
14
293
208
337
415
179
128
266
490
185
447
366
415
292
321
472
377
2
286
399
479
457
341
158
103
133
214
59
216
256
444
31
32
361
406
296
133
125
88
85
287
410
373
32
203
141
210
177
347
27
285
47
425
26
471
153
212
221
386
259
281
257
460
373
435
373
240
499
217
100
94
69
79
298
65
341
99
181
50
31
105
345
16
408
278
369
322
418
289
383
68
234
110
345
146
67
299
330
490
119
344
413
180
340
3
168
58
180
400
447
388
312
77
214
122
9
217
245
181
48
202
278
204
308
120
392
187
21
324
18
127
3
161
434
119
272
354
251
474
346
212
309
46
56
310
147
332
483
430
441
37
200
209
16
393
444
74
30
467
130
443
371
476
372
165
404
418
497
124
69
51
275
422
2
274
56
48
33
67
173
186
115
150
249
500
456
321
283
48
296
177
387
247
303
481
354
162
395
323
208
234
285
454
6
259
326
401
164
232
314
292
492
331
218
52
436
458
369
254
104
163
20
478
468
488
448
170
252
470
44
348
84
31
47
127
23
1
144
187
255
229
312
134
331
188
338
207
416
164
281
153
328
314
404
267
143
383
152
226
475
21
317
478
135
291
218
206
219
199
458
127
426
67
366
300
419
226
127
119
210
357
395
293
14
477
174
406
175
307
213
419
106
253
320
433
318
450
380
143
90
486
63
259
100
470
263
153
428
427
69
259
289
169
131
72
131
441
464
299
382
296
374
439
370
420
415
437
155
409
60
45
75
305
356
85
458
323
473
410
133
314
480
336
222
500
393
272
323
37
468
320
37
386
131
27
398
122
372
218
190
495
271
106
219
108
63
346
203
474
215
139
487
224
8
62
29
339
265
30
69
409
180
75
7
434
159
79
463
197
254
471
491
429
167
404
9
231
13
18
64
429
389
28
117
71
169
153
57
173
84
370
61
246
227
178
149
99
352
343
477
67
492
397
149
394
461
371
306
483
98
348
293
126
379
420
488
317
44
61
143
383
96
400
365
279
301
475
110
362
317
222
491
499
48
200
280
2
9
329
110
19
311
286
165
160
285
209
239
198
43
205
414
275
34
348
414
88
425
319
27
202
110
169
270
234
53
320
257
25
152
449
96
307
474
318
213
360
119
477
187
28
143
278
23
123
346
97
91
262
493
29
363
259
272
60
145
127
131
397
476
164
444
22
44
92
244
133
260
176
413
125
252
169
225
440
377
323
429
116
414
199
192
199
35
333
21
355
125
346
78
378
160
350
122
461
216
465
146
423
155
26
379
441
29
61
196
355
177
2
161
493
275
150
310
387
323
189
330
170
393
299
218
180
218
371
443
298
169
258
463
152
269
254
214
64
22
418
63
459
146
447
372
204
475
100
468
158
190
482
351
437
274
11
475
187
153
248
306
417
178
152
150
251
231
95
24
24
341
270
168
119
498
377
69
309
222
155
384
312
429
332
185
11
195
281
106
55
458
160
362
321
152
406
461
122
461
285
170
199
267
457
450
245
38
433
279
23
363
426
111
153
355
288
182
65
261
490
1
176
416
447
481
172
378
252
211
435
402
184
229
90
263
361
180
211
260
189
444
379
423
337
265
452
5
289
376
159
20
292
45
409
336
182
210
176
314
75
352
367
22
349
223
317
391
180
196
398
252
145
255
334
29
161
331
255
10
471
281
473
87
157
295
388
14
59
312
466
60
497
131
62
278
495
358
120
391
421
469
153
89
263
48
157
486
177
123
72
491
203
363
38
291
365
333
247
305
9
37
26
357
457
398
167
454
302
125
90
108
369
231
134
140
365
215
47
237
477
255
188
324
208
33
312
331
238
381
55
89
81
348
191
353
200
100
300
53
110
123
476
366
155
386
391
29
306
24
247
135
466
473
87
176
174
186
29
280
414
453
188
236
293
389
187
335
56
482
347
408
456
278
75
56
187
366
53
135
495
263
192
171
359
323
24
8
450
168
82
421
109
167
221
439
356
252
88
268
128
422
433
339
36
121
372
246
417
435
180
434
142
132
367
479
416
215
493
267
115
38
19
143
45
469
236
385
107
318
91
488
332
365
418
457
472
472
442
450
146
494
372
87
49
83
180
96
442
395
220
194
105
304
204
474
260
409
83
12
380
341
280
201
129
319
165
362
86
295
440
245
413
237
197
82
480
248
355
472
88
170
438
320
356
458
120
385
137
98
47
320
369
330
322
330
290
161
8
215
357
342
213
426
142
193
458
162
162
12
39
427
246
448
383
398
161
440
408
453
69
248
452
334
498
241
7
397
400
329
281
432
230
9
390
387
230
491
232
364
179
401
430
224
424
237
223
7
79
406
292
161
27
403
89
66
117
15
277
335
353
364
325
220
307
176
59
468
188
125
27
212
347
464
414
232
407
341
433
484
259
460
116
170
27
207
24
319
472
270
161
483
323
139
216
44
86
208
356
114
72
353
427
289
143
466
428
227
22
432
459
421
347
423
76
11
397
368
287
190
271
112
39
321
62
125
266
392
63
379
305
445
483
333
180
203
238
313
332
392
410
14
247
201
386
97
292
357
10
426
379
30
148
91
215
471
132
357
22
274
357
486
281
220
296
291
341
15
232
435
69
51
290
423
446
465
109
199
467
55
49
289
108
216
401
477
40
227
107
437
38
497
320
238
85
340
235
14
400
417
386
475
205
206
426
327
243
412
414
466
122
326
243
198
214
147
22
253
60
257
406
368
368
351
160
57
66
380
337
426
115
52
155
488
190
458
90
495
64
231
160
276
237
66
398
419
440
480
161
351
97
370
494
450
269
457
318
121
457
289
145
210
19
357
155
16
61
89
171
257
31
133
367
67
108
310
100
125
71
431
436
418
436
318
378
279
304
386
429
16
153
422
51
224
307
291
466
350
10
19
100
315
77
391
215
114
382
467
13
53
56
471
354
52
141
224
146
122
471
271
253
84
361
276
223
351
253
71
61
158
313
76
317
163
66
497
349
16
365
388
75
1
149
96
388
368
199
316
162
278
268
303
282
76
176
255
410
75
327
472
143
164
365
227
379
167
134
2
73
251
211
262
76
407
74
292
169
358
220
304
371
372
469
395
401
263
315
170
367
213
238
259
273
468
220
80
117
485
421
482
117
314
429
256
44
234
25
404
489
34
394
497
492
401
312
482
190
331
346
438
467
447
198
256
242
458
476
420
139
183
34
271
411
381
415
375
389
313
500
199
372
89
34
118
326
425
42
61
155
447
493
186
356
490
155
274
270
398
194
403
438
352
318
222
310
344
417
263
497
310
396
35
235
197
340
257
447
104
370
384
2
227
295
147
461
458
329
418
5
341
446
92
208
184
390
486
63
311
70
43
135
488
453
28
421
483
132
182
282
431
282
458
58
271
450
228
319
496
139
47
488
17
263
460
32
470
331
465
149
338
363
140
312
407
75
51
202
287
313
70
28
228
228
351
419
127
236
210
480
114
10
82
222
107
227
82
31
68
232
355
208
465
404
421
115
495
206
500
83
398
444
469
431
385
433
353
270
292
90
13
303
390
139
162
139
8
340
15
71
201
416
341
308
412
153
431
212
12
257
98
423
86
438
334
314
424
321
77
294
476
32
268
228
498
419
256
368
366
155
383
399
121
442
167
178
151
226
49
279
50
146
22
46
73
56
298
45
167
356
398
68
376
469
175
204
216
21
320
428
475
184
485
40
485
411
332
241
335
55
368
73
33
255
239
473
25
453
328
304
32
201
442
362
136
163
148
293
114
80
101
267
377
218
65
60
243
87
129
385
62
227
315
161
485
9
278
115
96
132
105
316
273
293
129
111
81
260
200
302
402
3
103
66
102
475
436
73
448
274
337
355
186
183
31
156
494
263
154
348
385
484
412
349
241
37
404
208
285
493
26
380
83
399
124
396
53
485
122
39
484
11
297
394
5
483
260
212
17
183
408
209
207
486
210
249
352
107
467
174
274
482
187
493
261
416
213
489
190
473
18
193
68
344
336
138
1
75
385
68
36
95
372
161
96
270
331
178
122
147
41
298
286
235
194
344
372
170
217
41
385
443
161
315
246
15
111
420
404
222
3
465
209
404
133
364
263
52
50
35
131
39
411
188
11
343
157
290
452
12
234
177
225
323
494
265
168
309
230
231
396
346
277
33
182
214
72
406
172
436
248
373
95
201
348
218
120
19
364
390
101
67
388
180
16
160
138
180
44
478
360
259
336
485
84
370
277
97
324
268
235
145
480
215
258
219
381
158
197
364
209
356
287
392
96
299
278
87
317
43
224
277
229
121
336
32
403
195
72
164
50
429
312
256
407
433
232
483
133
471
345
59
293
104
274
349
30
405
209
125
430
114
315
200
19
92
455
499
391
229
285
229
433
226
479
197
400
443
461
121
181
14
82
447
95
203
194
2
153
102
30
144
250
197
96
205
235
180
471
250
344
46
463
142
218
458
297
320
436
206
489
463
393
106
175
219
460
460
244
189
417
154
105
404
492
177
341
293
376
249
339
72
197
226
218
188
368
389
236
25
166
261
157
108
428
263
340
186
415
495
450
212
336
254
50
19
477
213
493
164
228
164
35
34
63
427
262
459
140
139
289
135
115
424
171
159
203
393
242
245
390
9
477
381
175
21
430
487
432
46
24
289
371
180
180
164
157
391
406
247
314
61
361
292
447
324
73
421
425
101
491
216
421
13
18
238
229
3
291
394
262
459
274
110
106
214
144
270
140
133
492
79
229
434
338
326
37
436
465
238
291
150
452
467
257
259
363
331
312
177
363
210
242
316
147
337
329
412
16
84
311
446
32
24
178
430
326
82
330
208
89
189
324
269
437
326
482
384
174
446
32
482
356
259
289
489
147
151
119
316
64
458
307
236
296
314
12
454
107
131
481
205
211
288
1
344
439
400
123
263
138
334
254
250
164
23
495
431
378
468
152
162
41
59
11
421
193
257
144
33
219
327
251
34
469
121
394
193
200
454
81
388
346
286
98
242
162
296
323
137
473
208
362
344
145
480
144
497
427
361
205
427
145
444
76
115
62
477
294
328
145
105
431
260
152
295
243
413
173
32
182
452
234
63
203
224
294
397
334
3
339
101
352
289
48
76
30
377
326
112
53
419
183
122
354
190
79
357
358
379
275
33
315
190
226
156
119
322
386
374
348
291
295
263
69
233
346
237
100
362
125
90
280
68
169
364
473
70
411
240
402
489
455
456
143
321
150
384
383
316
235
58
131
489
300
61
291
270
402
27
372
393
423
407
339
339
174
38
17
300
300
411
128
214
417
112
261
285
500
415
486
352
172
255
266
342
423
484
283
101
296
400
147
331
52
62
154
418
220
7
158
397
498
344
276
454
117
131
370
136
142
117
250
234
172
119
210
333
294
256
296
360
288
230
328
354
140
328
403
227
310
220
207
384
321
281
377
341
423
63
114
172
2
94
480
192
465
159
94
294
183
336
143
142
122
175
496
217
183
445
25
345
396
13
81
98
185
399
487
132
419
277
472
73
378
489
10
156
262
271
191
65
153
189
123
400
26
117
370
452
473
157
14
13
378
74
407
454
71
413
187
46
209
297
136
257
93
147
464
481
187
203
181
371
100
16
329
84
141
452
43
404
206
176
122
434
408
478
150
144
57
45
313
463
273
231
404
458
375
416
221
416
80
90
115
140
55
251
108
272
357
2
283
460
71
485
90
472
282
423
485
404
324
214
492
228
112
343
245
255
248
148
454
207
33
421
222
450
348
335
369
40
247
438
265
89
426
306
254
419
84
419
425
87
117
343
145
308
404
212
6
237
67
163
323
193
318
36
137
355
370
443
8
319
136
319
37
301
161
325
169
496
42
171
426
284
278
361
143
136
83
343
473
339
58
52
315
243
155
431
333
22
417
257
444
5
258
290
56
154
30
3
416
386
136
431
315
167
485
432
223
338
491
56
38
237
241
145
370
319
17
186
493
128
45
155
158
422
103
383
186
16
391
267
367
398
62
106
96
221
476
223
341
436
190
327
270
491
2
468
294
344
286
1
442
463
446
58
117
91
337
250
198
65
358
51
184
302
429
226
147
473
361
372
208
146
490
484
341
402
26
358
304
206
99
463
375
293
145
122
314
154
346
394
201
27
489
57
22
68
363
169
17
495
347
17
133
378
153
206
134
117
401
82
255
150
309
281
397
498
228
471
300
258
497
173
283
169
99
422
55
288
406
436
97
439
402
303
375
206
350
330
369
61
243
450
448
419
410
479
288
1
384
232
80
436
105
133
367
108
104
322
484
16
348
147
20
2
433
342
255
361
4
277
480
468
269
236
214
149
188
5
431
270
134
38
22
154
204
335
89
199
288
133
336
274
163
42
225
192
342
18
348
308
25
316
1
388
25
454
207
173
106
158
119
85
96
257
445
303
5
31
422
182
499
271
324
206
305
444
358
291
164
182
255
402
232
414
376
181
429
386
303
214
343
360
87
3
456
225
462
240
204
92
246
269
149
387
23
382
412
370
439
165
267
192
135
195
197
46
190
481
423
16
171
496
261
113
408
195
228
50
244
444
481
440
384
289
286
66
194
108
371
385
398
221
83
370
369
131
404
147
470
6
89
370
3
368
471
310
97
341
66
76
184
127
196
185
265
345
486
200
192
79
250
438
300
447
413
349
397
155
89
470
313
15
338
402
14
104
33
499
43
166
381
150
233
161
425
256
492
86
461
417
362
420
333
104
123
108
387
157
146
334
205
155
27
81
377
378
445
215
223
276
42
240
488
53
332
311
460
237
274
274
487
45
72
450
388
74
251
11
434
397
373
433
114
426
327
319
52
260
59
62
265
160
297
414
1
141
249
108
310
63
31
147
173
183
481
417
95
159
172
313
351
107
321
142
201
430
498
425
2
17
377
11
331
256
153
345
131
470
239
405
161
256
286
289
225
437
237
229
154
24
317
444
264
129
491
351
31
401
71
104
235
352
479
49
113
56
325
7
422
332
314
88
223
26
471
95
417
109
86
259
177
221
26
150
170
472
174
72
114
421
415
406
55
243
432
128
179
136
474
147
250
254
279
403
114
366
428
5
119
312
186
270
28
154
476
219
58
452
223
83
447
463
306
430
402
96
96
129
385
496
399
362
91
305
498
290
171
460
366
3
305
89
329
223
484
347
287
481
123
84
209
22
11
119
427
313
12
128
88
91
500
452
5
254
253
486
286
383
447
308
444
385
9
490
260
4
339
175
486
386
52
158
498
489
161
333
102
241
489
487
84
251
274
439
407
278
108
102
56
480
477
66
188
260
369
65
246
199
34
439
474
121
403
196
207
10
76
204
332
245
234
129
247
3
177
50
326
427
129
128
172
340
476
205
498
48
84
371
384
320
298
220
290
455
331
423
54
275
46
381
453
365
13
441
34
209
355
461
122
475
154
75
93
384
146
122
219
175
222
432
258
1
1
287
419
431
56
103
171
168
146
168
280
222
427
85
389
121
442
236
366
273
52
458
231
423
134
65
66
187
147
276
207
148
269
499
216
477
398
4
285
499
364
25
466
247
141
455
351
453
16
22
467
217
328
494
327
1
36
98
433
171
359
435
364
21
137
331
410
226
9
325
381
10
172
460
71
148
185
220
412
83
411
125
240
284
280
439
377
323
432
244
313
456
154
140
152
110
428
378
405
424
373
76
467
136
490
136
98
214
157
212
357
46
102
431
178
457
78
249
400
19
350
41
381
252
428
164
252
301
112
357
12
366
306
463
306
206
222
339
119
8
483
338
30
111
353
485
412
336
221
383
173
420
302
483
214
50
409
247
100
173
140
336
184
385
224
431
222
242
452
435
455
442
461
208
262
437
303
415
179
494
4
75
263
243
212
383
267
379
425
365
423
235
448
271
12
399
375
464
296
234
248
449
226
205
182
164
142
380
114
201
195
153
361
255
263
442
24
441
166
317
100
34
241
190
384
237
229
331
339
477
96
62
126
257
263
28
106
323
85
189
393
14
243
280
287
360
57
92
363
441
411
55
463
433
63
366
280
396
242
221
29
428
17
265
319
86
271
223
257
37
496
342
196
307
52
380
378
98
480
1
299
322
179
257
68
283
189
359
220
294
332
350
187
239
212
383
273
54
129
146
491
358
303
213
64
188
257
79
26
108
232
370
389
145
18
472
73
309
174
354
164
368
223
345
427
107
321
312
385
127
322
466
264
145
457
138
483
153
99
8
27
108
466
94
138
287
383
219
464
200
135
34
360
138
206
378
387
160
311
181
36
430
277
394
400
459
202
112
390
282
493
112
437
476
162
497
264
45
371
402
99
155
175
476
237
11
285
434
113
66
406
9
16
135
27
187
483
97
39
291
205
43
264
378
448
365
287
332
205
306
21
166
396
69
191
182
169
249
105
40
176
228
87
12
407
105
48
448
233
124
492
295
65
487
107
410
316
163
334
278
112
341
210
270
341
413
103
390
17
230
218
268
283
55
90
371
432
254
187
289
470
347
108
405
248
323
127
16
398
298
355
443
316
273
489
214
17
92
86
424
90
455
12
271
172
155
246
120
298
148
433
134
43
269
460
96
360
379
104
157
148
361
353
364
403
347
319
114
376
246
108
106
410
312
85
243
214
408
340
298
431
244
449
256
202
201
143
4
111
299
189
32
319
486
196
272
136
159
300
95
434
287
395
190
219
273
180
159
113
198
215
62
470
314
40
166
228
156
46
194
467
150
407
421
264
271
473
327
495
229
171
93
3
362
460
88
204
429
175
372
101
109
240
306
235
286
113
224
38
150
313
425
375
318
493
417
433
357
28
349
444
357
81
390
299
89
346
370
268
29
90
444
350
264
2
45
30
171
57
335
342
435
343
153
462
377
288
387
344
315
264
87
127
302
317
12
66
122
78
306
301
138
87
50
256
256
454
28
375
371
96
214
454
267
329
458
74
184
271
279
147
491
110
484
172
373
344
98
184
318
15
127
102
474
499
179
119
413
500
394
6
172
129
353
17
369
254
153
270
19
367
86
256
231
481
413
387
266
461
28
97
305
499
458
455
109
304
93
71
67
103
247
107
447
197
93
274
238
323
210
326
14
372
111
486
353
122
440
332
297
449
67
313
143
398
118
396
469
350
102
41
53
216
83
311
187
211
49
303
106
103
27
466
152
453
470
181
407
497
28
16
170
423
182
441
235
106
319
105
132
197
94
359
409
118
95
464
274
295
149
243
441
311
202
362
306
223
55
89
217
361
330
125
404
176
262
455
114
304
273
14
495
472
35
119
441
310
402
399
170
411
365
102
179
62
454
438
468
165
339
218
77
262
432
100
445
140
397
129
156
202
49
235
110
247
367
47
230
83
88
165
229
193
250
452
296
157
271
66
482
172
337
212
50
6
381
330
51
154
297
333
169
496
446
401
149
271
182
437
20
254
94
452
457
185
363
197
235
224
266
299
44
43
378
47
399
418
81
149
407
199
213
41
197
174
424
286
100
360
310
447
131
431
359
10
142
72
149
109
409
378
210
171
274
183
333
31
161
353
205
111
244
394
406
20
92
15
104
419
410
41
165
267
82
477
483
229
266
410
255
24
270
260
108
435
107
207
154
36
108
184
280
251
488
268
19
405
101
323
337
9
41
483
435
220
362
280
459
219
123
198
481
343
470
301
122
292
332
104
33
302
247
314
30
284
109
256
204
166
317
123
368
14
143
493
154
193
500
486
242
339
435
309
367
332
200
226
78
424
429
234
315
366
92
165
411
144
5
435
390
370
228
35
99
76
452
252
404
408
257
296
252
129
236
254
266
92
86
478
264
197
194
364
315
398
121
185
236
478
386
21
388
381
130
398
168
281
326
151
272
452
100
173
497
77
451
454
377
56
290
62
126
458
6
475
429
136
355
347
48
418
388
137
482
431
54
113
102
239
8
419
463
209
32
331
254
155
355
4
140
218
445
6
274
2
207
346
402
110
246
147
52
8
465
316
304
84
2
299
126
201
325
460
224
163
24
278
422
51
382
373
344
212
186
93
279
343
415
202
449
26
286
336
379
312
187
461
67
468
208
441
123
170
494
85
311
166
285
315
366
133
278
401
88
465
387
132
142
440
407
210
170
346
167
495
89
306
52
385
222
79
449
438
209
332
351
479
328
330
295
230
109
21
448
103
16
468
423
490
254
237
79
107
174
136
120
387
170
182
370
75
338
245
433
55
89
390
352
1
424
440
2
334
103
15
148
439
280
387
369
256
239
126
179
305
380
327
346
141
75
384
74
392
221
91
407
8
2
424
36
384
58
306
358
499
496
399
254
438
417
377
110
309
113
483
74
159
20
415
13
337
379
269
215
68
65
107
89
108
276
34
101
267
466
341
50
355
365
137
494
304
203
230
230
90
321
328
21
129
370
495
329
382
123
175
235
46
34
154
429
388
471
36
361
467
1
58
235
283
177
178
251
417
260
70
316
258
270
237
128
49
287
461
202
172
273
391
156
142
406
353
152
403
76
158
449
136
486
299
109
194
400
184
226
27
490
85
426
34
29
162
355
460
170
340
311
397
459
458
159
277
7
226
450
2
238
149
153
405
129
242
336
286
359
1
275
65
372
331
154
394
325
75
50
281
196
225
73
266
41
326
276
83
437
95
251
324
301
399
148
242
111
357
48
51
109
223
374
293
163
196
297
337
82
361
413
298
120
270
140
482
233
165
123
63
374
111
254
230
2
89
428
24
263
290
184
202
366
128
315
455
429
96
155
156
188
154
31
243
10
268
132
70
217
393
239
362
44
61
129
407
76
44
139
303
121
212
118
11
275
207
81
365
88
119
32
130
388
308
345
221
478
307
477
317
136
344
250
300
483
263
46
264
116
338
282
234
374
359
224
5
407
435
206
312
296
382
468
332
425
317
415
476
181
307
267
493
259
101
130
300
37
168
146
305
212
229
209
186
181
371
383
5
262
470
144
427
288
367
238
125
435
235
421
427
354
325
401
430
49
160
244
230
64
256
341
217
314
223
428
363
50
183
210
354
305
451
167
243
380
355
355
130
251
488
394
367
9
443
480
218
434
269
344
331
303
143
278
53
333
242
30
144
33
297
59
153
122
198
437
243
396
263
103
491
364
26
256
263
239
115
108
234
467
392
33
19
235
9
343
316
146
457
496
49
495
348
320
26
268
283
269
241
9
33
466
375
462
208
45
456
179
355
125
384
162
405
233
45
418
366
422
303
20
220
159
275
343
37
282
120
452
226
26
497
165
283
467
206
393
414
386
193
277
49
410
60
466
204
322
374
191
94
104
370
383
134
469
390
66
126
77
375
120
227
497
144
395
352
332
470
238
167
327
363
258
144
241
214
16
365
461
109
271
101
285
92
128
217
498
101
158
248
269
488
71
6
286
222
500
20
55
404
432
281
196
298
425
420
236
320
78
412
2
227
316
200
292
105
341
468
440
293
198
99
158
447
69
160
421
410
98
94
333
7
412
443
48
397
394
256
448
77
147
353
344
344
401
229
495
70
237
103
337
222
339
476
83
227
75
339
13
65
384
216
170
65
469
361
452
272
325
366
433
275
379
413
313
287
74
397
228
403
489
54
390
319
15
273
353
133
208
340
28
414
63
393
2
390
395
192
168
409
423
25
250
195
127
262
47
220
500
245
296
275
471
434
115
120
433
184
244
420
249
444
352
94
454
197
304
87
142
38
272
465
471
145
197
140
366
22
379
485
82
375
43
187
178
337
184
374
185
499
304
173
208
145
422
381
385
300
486
480
287
220
264
475
30
166
36
438
340
27
421
291
340
29
49
358
374
344
121
433
104
380
317
232
491
389
330
458
228
438
262
452
173
42
192
341
471
164
304
443
418
367
209
297
303
206
93
69
144
180
301
56
332
281
70
228
198
334
288
149
472
216
49
412
500
489
27
447
246
244
41
29
127
40
363
260
78
77
497
88
339
355
258
144
96
260
53
282
319
126
359
187
344
300
266
291
469
27
94
246
83
180
487
96
495
32
158
119
85
76
279
10
471
294
106
4
393
472
292
305
80
320
228
212
421
191
339
278
367
38
301
366
23
241
153
337
139
274
455
180
20
270
232
151
445
138
349
353
73
369
284
2
364
456
467
467
321
490
158
352
250
188
480
110
149
332
289
164
210
414
234
195
160
59
152
121
360
10
77
46
223
307
28
296
484
325
464
141
174
127
120
18
67
59
278
387
393
455
145
84
448
316
363
254
324
139
34
49
48
213
33
80
48
402
494
208
411
365
299
62
260
367
125
36
193
178
1
280
196
412
174
325
57
60
61
422
145
74
148
94
198
37
312
359
27
406
152
477
313
263
331
196
61
307
41
421
164
92
35
282
309
369
367
141
438
174
170
69
298
28
496
201
461
217
131
426
452
135
16
136
322
155
382
154
447
410
8
285
249
495
157
488
64
292
186
341
150
134
380
43
3
461
51
41
417
473
58
234
159
237
260
473
195
394
50
218
26
399
133
461
107
330
263
439
338
48
93
228
182
168
40
296
328
433
93
376
75
205
49
374
29
228
332
335
383
278
128
277
252
440
30
37
58
257
101
47
282
264
289
160
217
184
82
454
350
141
65
190
369
29
411
347
289
189
454
291
303
92
224
162
359
188
277
161
422
348
38
131
128
206
210
217
99
306
58
20
224
271
221
493
434
45
74
60
443
30
44
4
493
68
65
78
194
435
262
235
144
195
331
419
421
201
296
308
368
375
139
400
150
184
243
350
291
301
352
26
308
496
296
359
227
387
37
404
310
305
271
458
95
302
88
13
247
177
223
97
493
177
118
411
409
37
88
87
430
293
378
468
475
432
136
495
401
211
106
125
142
254
163
48
112
193
1
186
9
126
402
235
101
486
176
276
20
48
484
16
266
1
476
448
384
12
460
149
409
386
361
400
402
70
229
446
421
269
454
357
148
408
251
203
16
20
75
324
387
75
91
45
375
85
285
199
252
246
438
9
273
274
10
66
382
373
302
455
217
484
379
80
154
447
152
468
259
217
467
326
423
37
340
33
262
458
299
135
374
473
473
322
209
385
148
27
115
383
182
295
349
171
95
51
362
499
30
291
241
191
90
427
119
185
437
400
394
210
432
272
322
132
436
360
359
209
457
166
16
384
173
320
331
451
79
411
348
153
276
187
338
80
102
446
475
337
284
359
131
151
149
301
249
497
240
384
297
492
235
240
9
261
46
332
174
86
355
136
73
131
484
465
86
431
480
308
108
212
22
74
298
303
106
287
82
403
229
250
290
121
439
144
331
496
79
159
478
326
371
413
468
186
52
189
218
8
356
381
409
22
62
72
110
408
275
470
329
322
287
497
267
468
109
147
29
138
318
458
344
170
426
499
349
403
349
446
358
59
178
404
46
151
54
102
479
152
15
497
42
486
33
262
351
157
405
228
464
68
244
104
262
493
406
397
5
268
211
116
92
280
318
25
303
279
380
167
246
441
271
352
318
299
56
401
94
224
338
472
2
33
145
266
423
229
117
180
107
31
246
105
206
83
499
34
473
418
430
368
214
162
412
500
100
193
217
97
441
189
346
139
397
76
8
136
172
453
452
95
67
307
298
302
107
328
30
124
159
180
58
488
311
115
388
241
341
432
74
254
66
252
411
324
372
111
59
429
91
225
155
31
414
311
446
430
435
359
107
402
278
9
124
408
162
84
3
50
304
417
227
338
307
133
174
371
36
113
292
386
383
321
358
320
415
93
7
159
223
200
82
74
56
414
226
228
121
105
451
312
333
74
478
298
428
196
394
426
468
157
440
270
181
197
80
129
186
496
301
257
466
91
87
60
35
269
231
375
135
358
310
15
48
236
165
416
352
326
417
342
364
153
471
370
348
329
426
302
156
500
152
481
321
25
213
117
263
283
474
498
145
275
477
357
382
228
330
460
235
317
9
118
465
340
89
462
372
337
388
93
259
381
352
111
370
172
370
213
134
229
28
304
257
4
4
145
346
312
283
454
357
218
256
120
53
290
1
185
205
361
42
123
282
283
196
182
127
153
84
151
90
245
469
26
234
105
295
321
460
246
37
213
195
490
360
392
459
175
384
95
228
453
120
195
282
182
217
59
300
305
4
180
115
269
109
115
72
390
374
274
93
188
411
113
420
112
181
351
88
499
186
78
480
150
206
247
169
118
451
325
23
447
166
419
271
104
263
120
124
388
152
263
388
364
391
483
400
243
165
321
126
331
323
307
429
470
235
91
90
231
402
357
326
346
189
397
168
385
216
76
473
73
359
189
69
61
267
479
360
493
375
69
104
373
251
449
276
79
300
484
309
261
78
54
201
488
82
49
190
314
25
44
131
139
145
359
404
435
32
12
22
453
262
163
62
90
90
457
308
195
77
54
99
245
26
109
334
304
474
452
67
190
480
340
271
456
246
222
206
473
218
19
41
162
95
189
121
119
35
46
349
148
362
68
311
353
192
202
307
174
343
322
41
181
73
107
260
418
20
401
331
461
21
191
190
378
102
261
444
122
447
218
44
52
70
471
341
55
94
304
163
497
289
282
467
215
106
442
358
60
442
125
481
86
212
49
479
72
22
243
7
365
226
233
72
473
7
346
166
417
453
411
71
51
302
97
210
392
77
36
326
437
375
66
370
64
265
296
75
164
21
336
99
210
276
376
201
386
59
382
37
109
261
277
198
167
220
206
176
72
491
302
279
19
268
267
57
211
386
269
75
290
149
415
283
319
201
491
200
287
3
246
18
93
209
479
104
54
237
154
392
19
89
176
65
293
189
181
378
212
288
220
2
70
275
498
471
254
108
409
228
351
235
443
486
471
263
52
9
170
163
160
119
25
344
421
424
391
362
399
482
277
419
264
344
37
155
238
84
341
110
487
373
472
235
385
360
406
121
86
366
192
235
353
203
19
275
253
61
197
326
154
60
23
498
470
213
473
433
201
389
39
323
104
419
257
174
391
104
126
220
465
18
244
468
232
67
455
60
217
339
311
279
353
385
327
447
233
418
111
69
359
430
372
331
433
311
262
237
189
31
495
268
294
5
399
304
206
375
426
457
345
283
245
267
45
3
235
456
438
498
131
446
323
295
464
222
402
456
296
68
149
460
405
404
237
28
479
301
359
176
89
116
228
416
299
459
417
44
56
186
260
81
466
33
78
421
39
319
230
423
309
127
276
291
384
346
249
250
221
336
110
257
198
34
179
350
149
107
299
412
467
301
132
64
458
418
320
19
349
184
125
438
6
262
489
468
256
204
7
459
114
209
92
254
75
138
105
197
260
154
424
357
475
468
278
466
437
77
312
114
50
379
356
195
75
173
342
248
445
167
246
176
92
304
308
348
407
94
99
462
6
362
438
141
455
93
445
271
446
338
298
5
326
473
447
46
349
447
299
198
243
355
227
348
5
392
403
226
177
336
117
344
480
73
393
103
45
278
405
356
208
112
360
340
497
2
445
1
178
25
465
162
238
428
233
315
256
99
429
460
239
37
334
471
27
92
176
396
52
204
152
292
469
5
483
311
180
5
191
306
364
199
352
333
351
245
37
382
393
167
345
362
8
105
450
132
365
3
156
179
312
483
39
115
116
167
101
387
125
491
245
97
153
417
111
142
368
207
471
12
179
461
251
93
500
184
191
78
272
314
305
496
261
463
145
485
57
175
482
151
346
277
30
204
243
478
303
174
142
147
390
97
364
465
388
88
63
422
106
221
435
348
234
132
167
31
68
259
112
152
106
159
257
341
386
121
81
268
127
447
126
434
175
493
375
14
136
96
145
202
434
170
489
354
231
181
434
9
164
24
85
148
20
84
72
435
286
36
294
93
424
135
335
411
425
181
392
334
318
444
490
413
5
156
92
165
225
322
458
23
386
225
496
329
20
373
369
85
118
63
228
78
209
185
152
421
337
372
275
499
95
468
478
143
371
179
275
231
284
272
307
134
138
1
81
180
203
54
294
281
133
480
442
3
371
54
259
311
362
171
369
206
338
84
285
288
413
327
90
124
383
297
77
442
115
224
488
341
377
200
322
485
304
26
212
232
206
81
471
130
441
145
428
39
24
289
188
444
499
457
305
38
139
240
500
14
37
390
153
340
489
157
29
427
162
370
494
284
417
346
364
466
305
254
229
165
37
318
329
210
252
280
368
15
75
453
337
388
186
192
424
252
128
356
322
344
460
302
264
264
312
278
453
107
479
154
228
142
168
23
113
156
124
241
211
488
356
405
250
406
291
249
98
347
253
302
211
171
277
117
142
128
181
80
248
381
243
466
98
144
349
301
349
120
57
407
446
241
286
71
165
345
415
109
221
207
269
281
499
118
451
264
268
24
377
268
392
315
400
165
493
432
153
55
175
179
12
346
170
446
344
7
408
485
140
285
23
37
452
352
90
395
71
321
195
380
471
170
93
211
279
227
215
422
328
73
29
144
212
18
193
127
383
46
373
377
38
412
214
465
485
192
25
415
23
131
225
48
365
159
428
67
499
253
118
382
262
116
446
101
203
276
44
427
430
367
247
43
242
322
456
399
192
483
370
362
447
394
343
231
407
418
499
424
401
342
436
468
445
291
61
296
21
239
432
76
118
158
353
5
372
312
356
438
306
492
26
424
42
43
250
486
86
444
315
57
188
182
152
151
84
18
112
322
459
115
47
492
22
188
81
488
339
337
273
499
199
256
297
488
497
169
360
257
30
275
412
444
481
230
466
60
253
262
130
435
369
113
31
143
91
35
418
292
348
13
481
154
150
433
480
484
291
24
75
72
274
265
463
331
264
64
25
211
168
30
247
163
358
332
6
387
448
326
184
113
90
385
235
327
312
150
41
38
393
57
474
382
495
42
434
239
240
195
427
168
454
410
195
270
59
68
278
235
54
226
263
223
318
227
7
294
48
151
478
283
99
411
84
225
8
80
395
352
406
360
251
187
375
498
38
291
127
10
134
246
349
485
407
325
4
442
485
450
291
457
385
391
460
158
455
487
306
133
244
198
281
157
293
339
370
239
404
195
475
345
77
137
376
126
164
396
215
123
37
349
417
399
228
197
17
495
278
177
484
33
483
200
410
181
297
85
484
120
289
258
74
385
293
12
320
254
218
148
239
64
283
357
209
121
497
79
369
384
265
227
351
386
175
324
92
421
188
237
436
442
253
456
153
406
449
291
40
15
317
29
389
216
23
231
324
79
90
147
373
380
272
349
319
114
251
36
188
291
408
263
87
279
457
1
464
309
429
49
37
103
274
258
269
227
274
115
57
238
162
250
176
300
443
446
439
448
209
273
45
405
314
215
473
57
123
144
14
225
65
484
182
22
499
489
274
406
266
236
381
178
41
240
183
322
66
239
439
433
376
207
304
35
14
496
233
208
345
70
104
483
137
374
24
354
274
180
21
488
448
212
175
485
47
437
89
353
181
336
457
388
412
281
361
147
297
400
184
242
277
4
325
266
177
388
18
193
173
492
453
442
217
9
424
97
404
164
79
461
8
465
462
481
77
141
403
407
165
373
281
485
177
135
490
490
130
314
225
479
106
357
3
90
451
216
287
457
168
18
165
107
19
474
141
156
231
469
143
103
108
412
388
37
95
162
238
267
190
291
417
158
347
139
127
222
212
309
333
89
191
28
310
18
135
331
316
402
298
150
48
253
292
168
11
344
221
248
198
334
2
349
201
296
238
277
340
322
42
115
2
330
193
260
75
11
186
319
451
18
267
108
147
39
103
147
24
132
305
96
289
158
159
366
130
465
450
144
379
264
435
84
409
291
459
18
7
132
25
183
115
153
260
199
420
69
408
239
15
400
201
343
457
99
199
343
395
47
290
384
307
158
366
246
43
165
407
76
411
359
185
447
356
193
466
318
209
377
254
421
409
33
56
433
131
482
184
400
293
8
328
377
409
467
491
326
67
454
218
476
150
328
181
59
57
376
138
331
313
197
443
